	CREBBP	CREBBP.1	CREBBP.2	PBX3	RAD21	RAD21.1	CTCF	ELF3	KLF5	ZEB1	PHF8	NMYC	NMYC.1	NMYC.2	BCL6	BCL6.1	BCL6.2	JUN	JUND	ZNF217	ESRRB	EZH1	EZH2	EED	SUZ12	MYC	MYC.1	MYC.2	TP53	PCDH7	BMI1	FUS	TAF15	NANOG	NANOG.1	NANOG.2	NANOG.3	NANOG.4	GATA2	RUNX1	TAL1	GATA2.1	GATA2.2	FOXP1
	KD	KD	KD	OE	KD	KD	KD	KO	KO	OE	OE	KD	KD	KD	KD	KD	KD	KD	KD	KD	OE	KD	KD	KD	KD	OE	KD	KD	KD	KD	KD	KD	KD	KD	KD	KD	KD	KD	KD	OE	OE	OE	OE	OE
RAD21_21589869_ChIP-Seq_MESCs_Mouse	0.506896288	0.505510669	0.511079665	0.529195946	0.523194335	0.518227566	0.516052779	0.532285828	0.527727188	0.534607613	0.507889723	0.520584819	0.522527435	0.524877041	0.503360368	0.512644984	0.513303749	0.53544925	0.538982892	0.52795106	0.526625396	0.513524938	0.510200932	0.507060288	0.516676157	0.512907335	0.514212988	0.524140832	0.529279328	0.519422503	0.530768505	0.512362134	0.52027073	0.508213167	0.505727871	0.506381836	0.509421771	0.511042245	0.528151993	0.538212191	0.540992296	0.547331424	0.553943235	0.535259382
CTCF_18555785_ChIP-Seq_MESCs_Mouse	0.583732675	0.586077361	0.581888865	0.616070368	0.618777557	0.620164399	0.626601511	0.625251356	0.628038681	0.628645144	0.60873491	0.610455593	0.603642565	0.604644319	0.595954464	0.60217639	0.599007188	0.628421704	0.62117991	0.616144198	0.620870946	0.60541885	0.609569858	0.607843787	0.613761565	0.594963371	0.60110264	0.609056714	0.606042854	0.61405081	0.617592603	0.602331732	0.593546035	0.596590849	0.596381969	0.592344458	0.590468318	0.586617561	0.608654545	0.632282435	0.626932028	0.627431988	0.627936189	0.60643952
CTCF_18555785_Chip-Seq_ESCs_Mouse	0.531934996	0.524904184	0.529287122	0.543642198	0.545583715	0.553283684	0.54740637	0.550752894	0.548427075	0.547968521	0.5614179	0.550174588	0.558195278	0.549517733	0.505756525	0.508287463	0.529072518	0.54607858	0.549336179	0.553615372	0.533301172	0.534278452	0.533144665	0.534548634	0.539905444	0.553744313	0.54267796	0.53749811	0.543171046	0.553208691	0.565099521	0.573510145	0.573464645	0.543864361	0.543842574	0.546010404	0.540984246	0.545399345	0.539511212	0.549343589	0.551442355	0.558280349	0.557506558	0.564679353
CTCF_20526341_ChIP-Seq_ESCs_Human	0.495696526	0.491661108	0.49312592	0.503077623	0.490771174	0.48944519	0.494963326	0.505823948	0.508589982	0.508145774	0.490730818	0.496001617	0.499034769	0.497642438	0.49275044	0.492532198	0.494945927	0.507968466	0.505449984	0.4956348	0.502433798	0.502727411	0.501761096	0.500495972	0.504132519	0.494097288	0.489802911	0.493734803	0.502805741	0.495790234	0.500967036	0.491854515	0.499205074	0.490323789	0.489455947	0.492410263	0.490898885	0.490818028	0.502767117	0.505861633	0.507635869	0.504158364	0.502671388	0.499643146
CTCF_21964334_Chip-Seq_Bcells_Human	0.556698349	0.55936917	0.565154935	0.560855664	0.549169754	0.552176247	0.554103321	0.570099901	0.571006016	0.571607884	0.549283365	0.550446356	0.551038751	0.554768734	0.567116669	0.569388503	0.561067866	0.577159957	0.574678308	0.574247895	0.55301019	0.553683152	0.552190189	0.552100378	0.555794853	0.548178296	0.55989232	0.560247017	0.555920172	0.554292569	0.561216215	0.536862796	0.538673332	0.540082031	0.538263716	0.545196528	0.552425421	0.544867325	0.567982731	0.570545487	0.571314344	0.570278366	0.575038166	0.55136156
CTCF_21964334_ChIP-Seq_BJAB-B_Human	0.549985856	0.555071137	0.555745297	0.550670529	0.545949973	0.543630615	0.546943476	0.556916246	0.556613922	0.557028493	0.539767792	0.538690331	0.539857574	0.543985054	0.555147456	0.56087513	0.549729217	0.561962499	0.560151881	0.549921261	0.547882444	0.552820156	0.550837386	0.548840548	0.554479271	0.540766816	0.544672299	0.544015158	0.552708288	0.54434804	0.551005907	0.540155209	0.537692517	0.52795551	0.526013055	0.525335492	0.529689885	0.532730071	0.55140641	0.556209865	0.5512037	0.554593711	0.56322444	0.545252441
CTCF_26484167_Chip-Seq_Bcells_Mouse	0.559448024	0.565789744	0.563408057	0.589598125	0.570544626	0.572050453	0.581397457	0.58263926	0.580522903	0.582398347	0.561748699	0.573557096	0.573644887	0.572228075	0.572961184	0.573706626	0.571834856	0.584222505	0.579948633	0.581551886	0.580449976	0.574851165	0.573065961	0.575689051	0.579157051	0.552187569	0.565000204	0.572841055	0.565036219	0.564165258	0.566435309	0.552941258	0.547073197	0.561429878	0.55959641	0.558744477	0.543216062	0.549147006	0.576682265	0.585329724	0.585243648	0.583405035	0.586197254	0.560008575
CTCF_27219007_Chip-Seq_Bcells_Human	0.461679295	0.459788498	0.460726806	0.472520036	0.476059091	0.477715534	0.467699327	0.469618	0.469517921	0.473959142	0.442955115	0.463118563	0.472575788	0.477774852	0.434410266	0.438939572	0.437903536	0.483395379	0.479823586	0.485204006	0.472294515	0.437449657	0.443014513	0.439940844	0.446878682	0.45176657	0.447232887	0.453164186	0.457863828	0.452196948	0.479344911	0.472753823	0.474486601	0.440973639	0.438388289	0.451022098	0.452793854	0.458830823	0.469555602	0.498182621	0.504616014	0.500370331	0.50924313	0.488204014
CTCF_27219007_Chip-Seq_ERYTHROID_Human	0.529204029	0.535814422	0.538029236	0.55356581	0.546517218	0.543415186	0.541205908	0.553761301	0.552411144	0.555735588	0.517822842	0.533147235	0.535199349	0.545412536	0.536807813	0.541581543	0.542101008	0.558834684	0.559731629	0.558982204	0.544194804	0.549207887	0.548397071	0.543847012	0.549543602	0.523821097	0.532874922	0.539332847	0.541347473	0.533903286	0.554666801	0.527667606	0.520443147	0.514324964	0.511155756	0.523285194	0.514248394	0.51327035	0.53969867	0.554038981	0.553511297	0.552011691	0.559695399	0.540373119
ELF3_26769127_Chip-Seq_PDAC-Cell_line_Human	0.600876312	0.601027428	0.601064756	0.640830779	0.597412089	0.600507628	0.611478703	0.67942583	0.676604122	0.678024308	0.640094583	0.596399178	0.59590246	0.59863238	0.590459931	0.595057705	0.61970444	0.651806001	0.660525661	0.638892686	0.647025012	0.59977026	0.601728369	0.600915894	0.602852003	0.635183485	0.624122336	0.622604501	0.658748512	0.646782739	0.630509251	0.60001632	0.604463519	0.614022433	0.611685181	0.615297995	0.607500361	0.609444675	0.626976593	0.610936722	0.607491795	0.607058643	0.614618783	0.621261045
KLF5_18264089_ChIP-ChIP_MESCs_Mouse	0.446729577	0.451007026	0.459921477	0.52281857	0.573680948	0.566503651	0.558437801	0.487918446	0.483032098	0.488328971	0.481472655	0.5003444	0.508218763	0.477094641	0.426290123	0.459240942	0.455565505	0.522450751	0.520526243	0.542854388	0.527091886	0.415320292	0.420595123	0.40560821	0.427377049	0.466027001	0.473722276	0.486454057	0.493854525	0.521005648	0.574533682	0.502909492	0.517301281	0.508473619	0.495830004	0.563208431	0.513776002	0.542614685	0.48917344	0.527031272	0.534904257	0.590224549	0.600325114	0.512705607
KLF5_25053715_ChIP-Seq_YYC3_Human	0.535162486	0.538923429	0.535914324	0.563028957	0.558742446	0.560382935	0.5596008	0.582410346	0.582667708	0.587499561	0.568557317	0.552695853	0.554136543	0.555690527	0.530104205	0.521811825	0.536743179	0.578754804	0.584178559	0.57841564	0.566926554	0.531055762	0.534065664	0.528402245	0.531097938	0.561175753	0.558922632	0.557842871	0.569453064	0.571939869	0.573412052	0.554029388	0.555479725	0.549950329	0.547526111	0.552916301	0.5448006	0.543961061	0.552857302	0.559598409	0.561292555	0.564190758	0.560608805	0.562793121
KLF5_20875108_ChIP-Seq_MESCs_Mouse	0.511342591	0.502182852	0.50955624	0.499623197	0.508105124	0.511743585	0.505311269	0.503347564	0.503649021	0.504095103	0.503233422	0.50347324	0.512311673	0.505385866	0.491712803	0.50373635	0.503521623	0.50229265	0.502857667	0.508244581	0.517122186	0.498994218	0.499607768	0.496905286	0.50186664	0.521648916	0.49336846	0.49269327	0.514732096	0.504090385	0.518460208	0.533270645	0.541799383	0.508014125	0.507938256	0.511243503	0.518108944	0.512716937	0.502333169	0.511359892	0.513615917	0.516556419	0.518967031	0.532327177
PHF8_20622853_ChIP-Seq_HELA_Human	0.513959644	0.507102602	0.521791627	0.503659488	0.523652443	0.533826045	0.526424546	0.510649877	0.512159714	0.507546923	0.512812862	0.526337996	0.528987319	0.519035375	0.467967846	0.479212499	0.502606552	0.511924722	0.525326322	0.524924772	0.517733105	0.47563931	0.487164243	0.48324561	0.492104363	0.551029538	0.497082725	0.487731092	0.536997182	0.513831832	0.534783878	0.578551049	0.580857193	0.522619886	0.526741559	0.529421577	0.517631963	0.542707191	0.499336285	0.498954863	0.508295929	0.519361697	0.511421778	0.555259146
PHF8_20622854_ChIP-Seq_HELA_Human	0.535740577	0.537518812	0.531492311	0.541826424	0.529542383	0.531578019	0.536684682	0.538560061	0.539642944	0.539371805	0.528884829	0.538118135	0.529866941	0.542295966	0.546528191	0.543195997	0.543377803	0.539737717	0.535253321	0.530166672	0.526471704	0.551921824	0.55054981	0.548813417	0.547770982	0.522300987	0.541336309	0.546436487	0.527773423	0.532347432	0.524242617	0.521395028	0.52033997	0.530907842	0.529926078	0.529035183	0.525987656	0.521720981	0.542355033	0.540994456	0.541455141	0.530550856	0.531393772	0.520195265
NMYC_18555785_Chip-Seq_ESCs_Mouse	0.539978804	0.533025962	0.535036304	0.538452819	0.55322184	0.559256926	0.55414185	0.544484449	0.541123856	0.540646563	0.563850363	0.562378948	0.571577848	0.551219916	0.510785917	0.516977796	0.536776807	0.547067843	0.550835526	0.564346898	0.529333143	0.532206822	0.532227718	0.535828535	0.541608214	0.553366305	0.541714045	0.540973076	0.545332602	0.553151937	0.56721261	0.582921934	0.582248012	0.554271283	0.554770524	0.552946739	0.549094121	0.552100389	0.544476932	0.559446641	0.564711595	0.567819185	0.56863171	0.567465312
BCL6_25482012_ChIP-Seq_CML-JURL-MK1_Human	0.533108565	0.531683473	0.532963925	0.542093116	0.530292335	0.532785757	0.533812325	0.534867838	0.534095153	0.535998727	0.526109838	0.525645022	0.529558102	0.531205331	0.531297258	0.538802394	0.539134454	0.541542399	0.54171819	0.537653425	0.520017486	0.532955352	0.533872591	0.530493252	0.532531364	0.530212291	0.533297852	0.534583737	0.537322553	0.534924794	0.523287921	0.514394364	0.526289534	0.528673457	0.529055089	0.528988965	0.524508106	0.523228164	0.531423309	0.538559121	0.536583821	0.532330957	0.544516679	0.526431373
BCL6_27268052_Chip-Seq_Bcells_Human	0.526092865	0.528154756	0.527344167	0.541514674	0.527216404	0.521144512	0.523024996	0.527627441	0.5295498	0.53196573	0.511946826	0.507174673	0.502476424	0.510246251	0.532417571	0.53778381	0.533843218	0.539499436	0.534743548	0.530019332	0.526177541	0.53708265	0.534492802	0.534357478	0.537035497	0.496834258	0.524895992	0.527673596	0.514499864	0.510685109	0.515345765	0.490407185	0.492951021	0.507234096	0.50462834	0.506558474	0.505209157	0.502378551	0.522480632	0.523303206	0.521212995	0.518575637	0.519485383	0.502458233
JUN_21703547_ChIP-Seq_K562_Human	0.532054875	0.531809492	0.532120876	0.523330112	0.547301731	0.545309086	0.539833229	0.517487831	0.517579879	0.517497731	0.533427228	0.545856895	0.55160595	0.541951631	0.501021132	0.507370208	0.512401617	0.518930428	0.527418883	0.524455078	0.515975462	0.504974012	0.500909284	0.504745129	0.509300506	0.549039094	0.504695039	0.506517614	0.548712506	0.538202765	0.55106144	0.572906054	0.572999752	0.527376218	0.528934789	0.525232242	0.532180631	0.533531887	0.519217651	0.539531628	0.537750775	0.545534079	0.552105555	0.57937346
JUND_26020271_ChIP-Seq_SMOOTH_MUSCLE_Human	0.536493953	0.539388946	0.540938933	0.566262646	0.540617051	0.541402481	0.541117281	0.567953443	0.568951877	0.567658819	0.561337606	0.538233347	0.530632394	0.541042827	0.526663344	0.528114501	0.539080459	0.57277934	0.572309328	0.547476577	0.57351586	0.5352558	0.531158947	0.531653881	0.532673266	0.569343385	0.562408237	0.559495097	0.58687261	0.566994027	0.572897485	0.540926706	0.547941215	0.531702479	0.531170084	0.532707923	0.535150194	0.534629481	0.537745033	0.542796863	0.547577978	0.551969221	0.554083613	0.562181681
JUN_26020271_ChIP-Seq_SMOOTH_MUSCLE_Human	0.530747698	0.532965208	0.532601243	0.565780179	0.536434386	0.539402695	0.533476852	0.564873562	0.563645772	0.563313048	0.559105011	0.528401191	0.527172548	0.531074142	0.517457983	0.520664904	0.533923145	0.563660579	0.564353081	0.542969549	0.568379097	0.524746194	0.523431579	0.52491178	0.525779016	0.567144175	0.556338646	0.551625089	0.579560529	0.565688161	0.563747791	0.536038714	0.542610624	0.529857748	0.528958262	0.534055862	0.533103275	0.532660238	0.530832196	0.535855143	0.538628097	0.544102608	0.544883252	0.559772163
CJUN_26792858_Chip-Seq_BT549_Human	0.494167534	0.493528167	0.495740874	0.548983416	0.515730915	0.520027744	0.505904851	0.542614201	0.538372771	0.540965986	0.549201547	0.511058023	0.513354675	0.50839438	0.468862478	0.473220488	0.489240229	0.539062381	0.547997866	0.536281535	0.550373572	0.480216887	0.480399982	0.476680539	0.480695211	0.568310257	0.52070277	0.519378329	0.566916544	0.547987728	0.550521186	0.53678218	0.542597839	0.510633142	0.508463652	0.512202214	0.518905518	0.52369819	0.509344004	0.504856965	0.50614468	0.516613045	0.51604962	0.572731315
ZNF217_24962896_ChIP-Seq_MCF-7_Human	0.535434459	0.540552588	0.538884012	0.582669593	0.58997099	0.590148798	0.572313868	0.586934218	0.589523203	0.598716694	0.577018573	0.558739817	0.570254456	0.566079002	0.491471177	0.507654659	0.521409088	0.601185463	0.612558476	0.680430231	0.602221699	0.522852219	0.528921801	0.522165712	0.530101054	0.607015683	0.555120163	0.5556492	0.600097094	0.601080126	0.614232832	0.612187015	0.617190494	0.588673982	0.588586094	0.603623508	0.602456458	0.597084836	0.596015308	0.577187283	0.581212653	0.59708216	0.594305411	0.628192046
ESRRB_18555785_ChIP-Seq_MESCs_Mouse	0.600297982	0.595302214	0.603156106	0.619662884	0.640129179	0.634515733	0.644196283	0.629639576	0.62654493	0.631031344	0.61635564	0.630191621	0.627141262	0.618254554	0.606430473	0.61905821	0.611902963	0.648821199	0.646066368	0.644461019	0.640735693	0.623611973	0.625936208	0.626734343	0.631798197	0.618721953	0.62856554	0.629232657	0.611649635	0.623808011	0.630095688	0.621932528	0.629093541	0.621179783	0.619615654	0.622550328	0.61159578	0.614841318	0.633109366	0.643843832	0.639369073	0.635632828	0.636507146	0.620963872
ESRRB_18555785_Chip-Seq_ESCs_Mouse	0.543901704	0.534458784	0.537757674	0.550184645	0.549221832	0.558854828	0.551006403	0.550233379	0.549002315	0.547949037	0.562013663	0.555607957	0.561876036	0.549130081	0.513215429	0.517007946	0.53582776	0.551784857	0.552346367	0.558048076	0.53884025	0.537230607	0.534168239	0.535484194	0.540241096	0.556088578	0.550373435	0.547847139	0.548431515	0.55444978	0.56475676	0.576799863	0.575110616	0.550945664	0.550361144	0.548930143	0.543493969	0.549192105	0.545371148	0.554044046	0.557864289	0.561180043	0.562926885	0.561403704
EZH2_22144423_ChIP-Seq_EOC_Human	0.321984486	0.333112476	0.31761797	0.224014221	0.424625081	0.457559793	0.383400129	0.185659341	0.174437621	0.181813187	0.161816419	0.362171946	0.419773756	0.41189722	0.274883646	0.278047835	0.276131222	0.20064318	0.205164835	0.334040078	0.267786037	0.258264383	0.253364577	0.264062702	0.28968649	0.302375566	0.211153846	0.194974144	0.27510989	0.202213963	0.312698772	0.479537815	0.540662573	0.291037492	0.295698125	0.335138979	0.364731739	0.401422107	0.344379444	0.427071752	0.426809955	0.410258565	0.455077569	0.42802521
EZH2_27304074_Chip-Seq_ESCs_Mouse	0.338564204	0.33963934	0.341530286	0.383357732	0.499504544	0.500353245	0.45777387	0.353201453	0.352197612	0.358682269	0.330967147	0.406039963	0.421641697	0.427295334	0.288175406	0.302593445	0.30448249	0.383267615	0.388492528	0.412828054	0.385557246	0.313272558	0.323004107	0.313393095	0.322220237	0.372773489	0.33559527	0.350661622	0.348100308	0.355444884	0.465088977	0.451278566	0.466705578	0.358499753	0.358977147	0.398238906	0.401481615	0.402030115	0.39412202	0.416575915	0.418240808	0.454427545	0.476860147	0.464272406
EZH2_23942234_ChIP-Seq_MYOBLASTS_AND_MYOTUBES_Mouse	0.509137397	0.508680321	0.517269899	0.543337095	0.557636841	0.559938691	0.555907975	0.526001159	0.528706706	0.529097744	0.491539447	0.54911086	0.554312556	0.558421663	0.507114185	0.50711815	0.500232732	0.558475804	0.554953713	0.565049337	0.536801995	0.499554058	0.494855038	0.492511095	0.496833107	0.483575318	0.520624228	0.530324086	0.508720584	0.499019201	0.565852461	0.548928305	0.567570346	0.50848526	0.507396483	0.511810459	0.519131754	0.512146746	0.533044884	0.572564932	0.578091171	0.578542299	0.575728469	0.539201909
EZH2_18974828_ChIP-Seq_MESCs_Mouse	0.3618563	0.363005379	0.369672046	0.425278625	0.508979822	0.50994844	0.47026338	0.396773134	0.394310875	0.402296175	0.366652661	0.433310156	0.451667658	0.446077936	0.322720681	0.336078555	0.345756674	0.416962396	0.427490518	0.446963635	0.436102476	0.341972187	0.350445948	0.339994918	0.354213703	0.413160184	0.368493344	0.380810094	0.397787239	0.404720136	0.491570239	0.484095709	0.503643068	0.382164919	0.383340646	0.419277038	0.430247267	0.423502144	0.418491361	0.451133958	0.45448861	0.491160482	0.514729556	0.510482883
EZH2_27294783_Chip-Seq_NPCs_Mouse	0.509887177	0.516597417	0.51870915	0.531853408	0.526413788	0.54485761	0.535174681	0.517677015	0.514067849	0.51350179	0.562326097	0.547803844	0.563490896	0.555241208	0.482075552	0.482676626	0.502287971	0.52831427	0.540830221	0.509995721	0.520433396	0.479414877	0.484197401	0.482999533	0.491651105	0.613346172	0.499286103	0.490678494	0.531929661	0.546121615	0.537391068	0.564326175	0.581538282	0.525208528	0.524392312	0.539556489	0.528226346	0.556811391	0.523972923	0.510983894	0.51384765	0.526442966	0.532428027	0.559552988
EZH2_27294783_Chip-Seq_ESCs_Mouse	0.391391583	0.390025767	0.393542461	0.439013706	0.482900531	0.490584578	0.455439576	0.41052947	0.408712482	0.415755928	0.389375442	0.435655354	0.453108413	0.455234022	0.371644349	0.377840644	0.376738316	0.43498641	0.44349367	0.453429585	0.443737792	0.36836629	0.37434581	0.368927345	0.376869976	0.409562959	0.401835357	0.412984482	0.419588559	0.406328205	0.484116567	0.481003084	0.494209826	0.402666717	0.401691893	0.425224214	0.422886068	0.424961474	0.438281924	0.455646627	0.460048957	0.483059538	0.490088439	0.492175315
EED_16625203_ChIP-ChIP_MESCs_Mouse	0.329773514	0.338135083	0.345205815	0.378269896	0.478977666	0.483060262	0.442314519	0.371897946	0.373925089	0.375834045	0.331676178	0.407774008	0.422930391	0.423081382	0.283357075	0.295107851	0.303105873	0.381160293	0.386820878	0.410147845	0.386195794	0.305523974	0.317252281	0.306914349	0.314733519	0.382125556	0.331506763	0.344868782	0.379650384	0.376789871	0.465455669	0.465327596	0.47059228	0.357533591	0.356616636	0.391841549	0.412250258	0.391297578	0.39670022	0.415387364	0.425936952	0.473242934	0.493849369	0.478097335
SUZ12_27294783_Chip-Seq_NPCs_Mouse	0.475410831	0.478813025	0.485454015	0.474261204	0.464253035	0.486932773	0.478510738	0.471219655	0.471979458	0.468626284	0.541918768	0.502627218	0.544728058	0.495793651	0.456676004	0.448829365	0.472387955	0.46979225	0.488248133	0.433768674	0.472425303	0.443412698	0.450073529	0.460009337	0.454257703	0.595750467	0.47842437	0.456755369	0.448881886	0.52463352	0.494670868	0.54589169	0.570822829	0.488211951	0.485030345	0.490997899	0.498053221	0.516421569	0.465592904	0.460182073	0.458839869	0.489089636	0.480245098	0.483062558
SUZ12_18555785_ChIP-Seq_MESCs_Mouse	0.343728553	0.349613245	0.357433049	0.394160583	0.461262342	0.470792389	0.421266519	0.380012864	0.379334247	0.386168702	0.347154886	0.400342483	0.420795563	0.419908783	0.297383765	0.309562624	0.329134437	0.396569324	0.40598042	0.419670047	0.406080325	0.315533689	0.328466345	0.31860551	0.334261323	0.388984246	0.336481615	0.342403896	0.373759794	0.377465626	0.472395209	0.463439364	0.482364636	0.370158043	0.367825484	0.403392753	0.41514259	0.40027265	0.403003158	0.414722422	0.427912859	0.465268056	0.483281989	0.481408691
SUZ12_16625203_ChIP-ChIP_MESCs_Mouse	0.350710766	0.355478962	0.360309322	0.400850222	0.469125212	0.473540047	0.442045267	0.392523255	0.391766054	0.395685526	0.358475412	0.418912506	0.437320661	0.427608412	0.305506823	0.315375006	0.333468147	0.40324211	0.407644962	0.427556285	0.405919052	0.327802543	0.33468566	0.330878383	0.336358394	0.401770997	0.354805644	0.363796192	0.396424153	0.400020671	0.48433904	0.465743495	0.476456208	0.372515316	0.374678021	0.408715679	0.425300259	0.404708279	0.411781333	0.429520065	0.435495589	0.478395872	0.488024686	0.489732021
SUZ12_18692474_ChIP-Seq_MESCs_Mouse	0.358099534	0.363468646	0.369156353	0.39971246	0.468317359	0.472003025	0.436342972	0.382423193	0.380744489	0.384201591	0.358037873	0.415707126	0.43568359	0.431868249	0.318517643	0.328195738	0.344376818	0.401485131	0.410570247	0.419423757	0.414866611	0.334142168	0.345929516	0.337854503	0.347357461	0.410157507	0.349464834	0.360296042	0.3890069	0.382026024	0.486296167	0.482310969	0.502297993	0.367653323	0.368546729	0.400099963	0.413805318	0.410366204	0.403458444	0.430091283	0.437981314	0.47418235	0.484020011	0.505609132
SUZ12_18974828_ChIP-Seq_MESCs_Mouse	0.366271845	0.368727156	0.374348109	0.419521782	0.479703406	0.484738036	0.446229698	0.400963302	0.401322465	0.404786788	0.377384008	0.415238675	0.434996654	0.431012227	0.321320988	0.331787474	0.354024576	0.416830273	0.427483163	0.440665751	0.434013887	0.348746274	0.360880485	0.352879563	0.361353662	0.427242533	0.364078889	0.376093089	0.40765966	0.408670062	0.485386754	0.477561809	0.49664526	0.382844803	0.383132446	0.413710688	0.425981942	0.420106541	0.412698548	0.438839606	0.447401997	0.479075283	0.496089178	0.510622474
SUZ12_18555785_Chip-Seq_ESCs_Mouse	0.533479278	0.525754711	0.5295332	0.528099376	0.541418226	0.550337726	0.540886173	0.532333843	0.533453177	0.531341036	0.555296664	0.55382337	0.564914852	0.547457347	0.491076362	0.500829036	0.519938407	0.533562198	0.539428158	0.54716116	0.523068978	0.521223103	0.524657977	0.52927712	0.532137923	0.553611695	0.525658422	0.518865705	0.538860612	0.544443118	0.555264037	0.586433187	0.582064712	0.53875573	0.539950821	0.541186816	0.532786637	0.533607079	0.532988286	0.548105583	0.550259422	0.558239591	0.558857111	0.56514117
SUZ12_27294783_Chip-Seq_ESCs_Mouse	0.390324024	0.393241061	0.392540122	0.426174658	0.472548608	0.478679025	0.44590229	0.402065167	0.399159087	0.405160076	0.376943895	0.428401631	0.450201434	0.444612374	0.371716098	0.372549267	0.371252678	0.436612869	0.441756138	0.441951063	0.431895782	0.370850387	0.379014665	0.372667079	0.37847825	0.395819987	0.387251442	0.40221824	0.399395535	0.394683556	0.474278135	0.458842231	0.474262976	0.392507497	0.390755726	0.41753765	0.418525952	0.409706212	0.430803015	0.453839348	0.458114104	0.482772615	0.485220465	0.485495304
SUZ12_18692474_ChIP-Seq_MEFs_Mouse	0.35045914	0.357168974	0.362970135	0.401676477	0.474135239	0.47570982	0.437739888	0.388217838	0.385358665	0.389160205	0.358213914	0.414323469	0.435165834	0.434549182	0.310987293	0.324320762	0.341777561	0.408702283	0.4159469	0.426603202	0.415742568	0.339796073	0.352836304	0.345055549	0.353472713	0.405985467	0.348934898	0.359498505	0.390630996	0.383550116	0.48375499	0.467814043	0.490281465	0.367509439	0.36802	0.403417232	0.419566029	0.415050948	0.399425703	0.421993667	0.43191234	0.46967415	0.485234577	0.4954155
SUZ12_20075857_ChIP-Seq_MESCs_Mouse	0.417697316	0.415303024	0.417711618	0.461698225	0.495379223	0.499535635	0.469148688	0.44359992	0.442883232	0.448617141	0.427609883	0.459855177	0.477959395	0.476944229	0.39100674	0.401657982	0.406074773	0.465130485	0.471425837	0.483243128	0.477725032	0.404889175	0.410809147	0.405207941	0.413567142	0.458173433	0.426345831	0.434776021	0.453085039	0.44740634	0.506226063	0.5039127	0.522403753	0.431176877	0.430617909	0.451361795	0.459127107	0.450033259	0.459984258	0.485616136	0.492302831	0.509610836	0.515899574	0.527969114
MYCN_19997598_ChIP-ChIP_NEUROBLASTOMA_Human	0.441064426	0.427714286	0.437145658	0.437004669	0.45732493	0.462742297	0.424851541	0.439112979	0.434422969	0.434525677	0.41068254	0.43229225	0.442654528	0.45140803	0.42967507	0.412054155	0.445421102	0.447056956	0.451042017	0.401710551	0.448262372	0.432670401	0.454303455	0.438788982	0.436296919	0.436504202	0.450202614	0.459334267	0.439875817	0.422429505	0.47053408	0.471293184	0.48414099	0.451676004	0.454154995	0.44862465	0.466160598	0.433546218	0.443021475	0.444381886	0.468986928	0.478768441	0.454668534	0.461272642
MYCN_21190229_ChIP-Seq_SHEP-21N_Human	0.602046077	0.617093287	0.601937022	0.577858087	0.614994335	0.606696724	0.619145029	0.57923756	0.588778208	0.576758569	0.610201586	0.628067699	0.597714569	0.582498348	0.604466528	0.610111415	0.602536588	0.556887924	0.546724577	0.587671608	0.57062742	0.586479558	0.60036446	0.597324615	0.597396846	0.617565386	0.571692003	0.58748088	0.609153527	0.59558257	0.596459258	0.578158342	0.583777264	0.598818808	0.604863091	0.559907469	0.622163157	0.607917099	0.567870834	0.574029365	0.558460485	0.559171466	0.577973751	0.555615145
MYC_18940864_ChIP-ChIP_HL60_Human	0.566999572	0.581414153	0.579584112	0.551923086	0.595525942	0.579970262	0.597469755	0.569245049	0.575235767	0.572242548	0.58846419	0.594594138	0.581662649	0.572229256	0.565117039	0.566826548	0.556448735	0.568171987	0.566383401	0.572221596	0.556498975	0.574942213	0.570684209	0.577559646	0.58104062	0.591820128	0.5755318	0.582283777	0.583645437	0.586873184	0.585788407	0.580052268	0.574802983	0.583305472	0.582302251	0.573249825	0.585485615	0.573727893	0.567490932	0.578150359	0.573049316	0.575567171	0.576667943	0.572156713
MYC_22102868_ChIP-Seq_BL_Human	0.745749283	0.751897776	0.738768166	0.682498665	0.686818586	0.672237271	0.692382798	0.694572022	0.693357588	0.698581908	0.667754226	0.695816906	0.672534058	0.670268512	0.766668512	0.765349086	0.753658527	0.704628374	0.698970638	0.692398616	0.663091251	0.726435591	0.727553534	0.726664755	0.730713989	0.654666139	0.672100049	0.68328344	0.683515769	0.679294118	0.677432724	0.626692832	0.618276421	0.663745131	0.661371033	0.643011369	0.652647355	0.648673258	0.66668176	0.68897479	0.676610381	0.665850124	0.668393277	0.625799308
MYC_18555785_ChIP-Seq_MESCs_Mouse	0.751938871	0.75371027	0.759695248	0.740501822	0.766649959	0.748680449	0.786546888	0.766024392	0.771122481	0.765360303	0.768532758	0.780935971	0.73940522	0.716023351	0.754792147	0.757969064	0.745238492	0.747966387	0.729818844	0.734283037	0.726844501	0.778591359	0.793354652	0.796652339	0.792321856	0.737850524	0.712669592	0.740162267	0.726915	0.754425969	0.728734885	0.701329367	0.685643489	0.754379564	0.754770878	0.712884212	0.72389797	0.737369674	0.719705213	0.749237451	0.731289804	0.729169331	0.738306686	0.671038893
MYC_20876797_ChIP-ChIP_MEDULLOBLASTOMA_Human	0.516365704	0.521553674	0.51846427	0.524167183	0.55512744	0.548714223	0.54671397	0.506209263	0.505226638	0.509264042	0.523653756	0.540428508	0.550634233	0.54365641	0.507350856	0.513186327	0.510316674	0.515360586	0.518309092	0.522356353	0.523119985	0.503623428	0.508332975	0.511130979	0.51489897	0.548234789	0.516243002	0.516512921	0.521523978	0.522333986	0.556618563	0.571937449	0.564193972	0.535215265	0.536173754	0.538820876	0.539194288	0.540341315	0.529891199	0.53695634	0.537506034	0.543615215	0.540972894	0.554284577
MYC_19079543_ChIP-ChIP_MESCs_Mouse	0.694354847	0.710109561	0.698806552	0.685753371	0.706222518	0.687241914	0.727632524	0.718675249	0.720884063	0.717270862	0.71374145	0.722614569	0.6928205	0.678757206	0.701555721	0.706550835	0.694576778	0.70482607	0.693024599	0.684442178	0.68786325	0.716235954	0.722428303	0.725433359	0.723841362	0.701665649	0.69028398	0.695009649	0.694508257	0.701180501	0.685545119	0.669535372	0.663687708	0.702559239	0.702345735	0.672946673	0.677007402	0.695381571	0.677086428	0.709004177	0.704911936	0.703490815	0.69932883	0.658097152
CMYC_18555785_Chip-Seq_ESCs_Mouse	0.526630823	0.51991254	0.524887167	0.527735498	0.548732969	0.554339235	0.545900465	0.526743738	0.527655217	0.527062576	0.553762421	0.553106959	0.567502325	0.548772946	0.481245003	0.492272824	0.514634903	0.536883577	0.542220282	0.546325528	0.518784858	0.512617769	0.513663213	0.518690218	0.521928204	0.554404993	0.525858367	0.523862446	0.53709309	0.544442359	0.558503875	0.582056784	0.586417884	0.542524435	0.542351799	0.543163417	0.53574023	0.545307335	0.533615567	0.545787713	0.550411846	0.559310761	0.55516358	0.572011422
MYC_19829295_ChIP-Seq_ESCs_Human	0.494813181	0.497967554	0.496343059	0.487729147	0.489304466	0.488197401	0.490277233	0.490162465	0.491887566	0.490979614	0.479461096	0.489049876	0.496948335	0.498455571	0.482029801	0.485293495	0.485737551	0.492774354	0.494640678	0.488570184	0.487897681	0.49638671	0.495670791	0.495349984	0.500407252	0.493222378	0.488591581	0.493452848	0.495120215	0.487708839	0.496571818	0.490621071	0.496072596	0.489357532	0.490568705	0.488109866	0.492172891	0.491845238	0.493920713	0.500937597	0.503391534	0.508528867	0.505660286	0.493022253
MYC_27129775_Chip-Seq_CORNEA_Mouse	0.537036849	0.535106566	0.529840774	0.547572296	0.550004721	0.546428786	0.547121656	0.540981966	0.542164359	0.548076926	0.523063321	0.540155106	0.546558656	0.551019219	0.517802165	0.523350358	0.529611162	0.549497258	0.550789521	0.549999571	0.54022738	0.513719625	0.518210316	0.512599205	0.521830886	0.526750414	0.535563042	0.541885649	0.540807203	0.536714706	0.557096162	0.543150016	0.548939151	0.525922438	0.525449739	0.529403181	0.529871503	0.528834259	0.543330873	0.562151484	0.565852482	0.565511026	0.570686604	0.545975056
MYCN_27167114_Chip-Seq_NEUROBLASTOMA_Human	0.519056795	0.510946666	0.518041872	0.540298545	0.540676133	0.540746483	0.539133021	0.533864097	0.53400858	0.537412505	0.517121929	0.537772868	0.542060675	0.549167633	0.507700425	0.508875286	0.511137191	0.540071879	0.543630993	0.54793023	0.530439245	0.519906066	0.516612898	0.517852716	0.519263257	0.517978444	0.516707315	0.52307914	0.526194581	0.521679626	0.548299849	0.530771676	0.532862294	0.517389404	0.517848852	0.519212467	0.519077965	0.51706309	0.531839322	0.539395103	0.541682202	0.546080766	0.544386088	0.538093226
MYCN_18555785_ChIP-Seq_MESCs_Mouse	0.718020767	0.715646856	0.719108916	0.704608051	0.707476497	0.704662073	0.744489484	0.715454623	0.721828861	0.717082132	0.724781809	0.747402052	0.723801547	0.717500741	0.722607848	0.720117242	0.716038727	0.727626635	0.717085639	0.704546858	0.699371385	0.72966901	0.729238319	0.734086076	0.728508442	0.71154784	0.715611933	0.713427215	0.709232706	0.722246535	0.706436289	0.692719789	0.683905458	0.736028983	0.736317566	0.708537675	0.705984004	0.707134906	0.705496952	0.723372258	0.714066432	0.704698009	0.701623377	0.675348451
MYC_19915707_ChIP-ChIP_AK7_Human	0.541640183	0.538251719	0.538864477	0.559697021	0.56393285	0.562582047	0.5658356	0.570354163	0.571807257	0.572070741	0.545504507	0.554774026	0.557028571	0.554232315	0.539214286	0.540570283	0.543699694	0.565828877	0.560186478	0.556728877	0.55395424	0.546132544	0.549512299	0.547699771	0.549870283	0.556360504	0.547456761	0.54109893	0.56413094	0.560368144	0.571710466	0.560035523	0.566132162	0.552259206	0.553034225	0.5545767	0.549291826	0.547649656	0.555414897	0.564183422	0.561552406	0.562991215	0.565634683	0.565877846
MYC_18358816_ChIP-ChIP_MESCs_Mouse	0.696478475	0.701799449	0.698424996	0.687330694	0.699511731	0.687536009	0.72120402	0.708682905	0.712945812	0.708880493	0.709895824	0.72029537	0.687634909	0.675809723	0.706493075	0.707020137	0.694721709	0.702477739	0.68767674	0.68377677	0.674072566	0.727449897	0.733373494	0.736901947	0.737382968	0.688837118	0.675885657	0.693900822	0.685426376	0.700450808	0.675684711	0.656902053	0.641773711	0.693401416	0.694147328	0.662272105	0.666685708	0.680705307	0.67523044	0.696734732	0.684729169	0.68154527	0.685184613	0.638965912
MYC_19030024_ChIP-ChIP_MESCs_Mouse	0.706757789	0.712990245	0.708400183	0.699834261	0.716002471	0.70383855	0.7351329	0.714818435	0.723392415	0.715720733	0.720355609	0.732329303	0.701104659	0.686477707	0.714962684	0.715704302	0.706574097	0.709362159	0.699037665	0.69210872	0.687047094	0.728818202	0.734548247	0.738225803	0.736133917	0.70376835	0.686209892	0.698676862	0.69407413	0.71089697	0.693601671	0.673247404	0.65902701	0.710314466	0.711230822	0.68117844	0.686972462	0.699549075	0.68271352	0.709114983	0.69881368	0.69896263	0.699854452	0.647701634
TP53_16413492_ChIP-PET_HCT116_Human	0.516098644	0.505688503	0.511197002	0.565893335	0.551748472	0.560587758	0.546265279	0.552701012	0.545359053	0.555368602	0.558002292	0.550498472	0.564028839	0.551751814	0.513033327	0.512263178	0.539790393	0.538079163	0.550314171	0.552693373	0.574546887	0.516984339	0.512673319	0.516040871	0.520249714	0.603418163	0.563425325	0.553067704	0.56845063	0.571939458	0.574289057	0.565713808	0.583736154	0.545360963	0.542728228	0.535307964	0.543389992	0.546531704	0.541088617	0.55615021	0.565470779	0.552409282	0.571606665	0.598920932
TP53_18474530_ChIP-ChIP_U2OS_Human	0.474293004	0.481918194	0.481892275	0.503298572	0.508393844	0.508327022	0.497522527	0.505814316	0.505252405	0.508340184	0.519009821	0.513824643	0.529897337	0.514957781	0.443234383	0.456424218	0.463662043	0.489229321	0.498133441	0.511063481	0.50259107	0.462477675	0.461815126	0.464798421	0.46983983	0.572943201	0.47417232	0.467522932	0.522792346	0.525618913	0.520086666	0.542725119	0.55096669	0.485045054	0.488527893	0.48508778	0.491370052	0.502657285	0.483176471	0.495758834	0.503737977	0.519293105	0.523258277	0.571279943
TP53_22127205_ChIP-Seq_IMR90_Human	0.586586251	0.587851251	0.585382958	0.619076716	0.596044529	0.601132903	0.606151974	0.610839096	0.606602685	0.607623647	0.616927812	0.59179618	0.588702285	0.596611833	0.590329468	0.594984496	0.599833638	0.614025551	0.609652857	0.590057676	0.60914571	0.585180006	0.580352414	0.585327917	0.580446525	0.627918075	0.61886229	0.618652671	0.60000031	0.614368663	0.592857763	0.584746349	0.586713697	0.584323855	0.584338274	0.577020218	0.574673633	0.571394462	0.593401811	0.604971007	0.610363577	0.60355794	0.603776551	0.598694688
TP53_20018659_ChIP-ChIP_R1E_Mouse	0.433420399	0.435852753	0.441927286	0.487167403	0.533978602	0.532583239	0.510074937	0.466654538	0.470148142	0.474923475	0.447116001	0.472526784	0.472156574	0.484149268	0.39387652	0.394800601	0.417705391	0.493324814	0.495414393	0.503645933	0.478051055	0.423422709	0.4316954	0.425556181	0.436440989	0.474642496	0.432940021	0.437809206	0.455869214	0.479488146	0.527610529	0.497273528	0.503223887	0.447175778	0.448860781	0.473142164	0.472915042	0.47502599	0.482300095	0.481921944	0.481014901	0.511013457	0.530037108	0.51532184
TP53_22573176_ChIP-Seq_HFKS_Human	0.526780373	0.530270854	0.529030171	0.530117386	0.534370104	0.536943218	0.531817998	0.510331387	0.510864312	0.513438969	0.519049281	0.53592069	0.536472843	0.534847719	0.516167094	0.518981152	0.517758035	0.511900014	0.518342947	0.531897284	0.520651735	0.525160352	0.522110336	0.521527441	0.524446779	0.530203319	0.516943337	0.518156127	0.512834235	0.513079333	0.52458541	0.550991905	0.54931788	0.522882068	0.523681337	0.521256943	0.522347007	0.52614478	0.51900762	0.529654133	0.532694179	0.528672554	0.53311684	0.534174619
TP53_23651856_ChIP-Seq_MEFs_Mouse	0.572374039	0.571598384	0.573911798	0.596761754	0.590580073	0.588555053	0.593109706	0.598474356	0.600254822	0.602902625	0.591358603	0.589402319	0.585516496	0.59695246	0.558214504	0.56505752	0.567940329	0.612926187	0.609771769	0.601255268	0.596305652	0.572698521	0.574506553	0.574766764	0.578062093	0.599982341	0.587802293	0.590671756	0.600725451	0.601794582	0.605579534	0.592029743	0.59637598	0.579212178	0.579190208	0.582073223	0.575583538	0.578176363	0.590502918	0.605111677	0.605573271	0.604926618	0.603500459	0.623172692
BMI1_19503595_ChIP-Seq_MEFsC_Mouse	0.501311697	0.494813339	0.503632039	0.499427219	0.513885106	0.517291848	0.505705834	0.507119917	0.514793538	0.512364773	0.506111272	0.49494929	0.499890611	0.494239351	0.500758717	0.496512605	0.500515793	0.504359364	0.510981841	0.519267362	0.502462813	0.495821501	0.506182266	0.493316913	0.501901864	0.506643485	0.497745098	0.494084082	0.5006119	0.496835217	0.490533662	0.494829759	0.485195113	0.49800227	0.494870327	0.506653144	0.507032503	0.496527335	0.515034773	0.509857771	0.503534	0.512921375	0.522003526	0.493359654
BMI1_23680149_ChIP-Seq_NPCS_Mouse	0.377909565	0.382695382	0.388181847	0.418119255	0.495912624	0.495256437	0.469323632	0.406122629	0.406726158	0.412488688	0.385275198	0.41426711	0.432937866	0.418431425	0.346315134	0.35108077	0.360585397	0.41616236	0.426597506	0.433577656	0.430984439	0.339495798	0.34389156	0.340035001	0.347786905	0.416273669	0.378819903	0.382927618	0.389915336	0.404571712	0.483662636	0.471796554	0.47292068	0.394334905	0.396729153	0.423171205	0.430178788	0.426328378	0.411675627	0.416295584	0.42193703	0.460947231	0.486753433	0.425854289
FUS_26573619_Chip-Seq_HEK293_Human	0.520681795	0.521390127	0.527947811	0.497910727	0.542072602	0.557418773	0.542003198	0.48308815	0.487528663	0.483599837	0.522847277	0.541916783	0.554801483	0.54714728	0.455181506	0.473916579	0.472778553	0.484017963	0.496224271	0.520170449	0.472263804	0.469190283	0.484813051	0.481843636	0.487377267	0.556122546	0.485745245	0.477278264	0.525087606	0.522825843	0.545357738	0.588577893	0.565399585	0.516389276	0.521804851	0.531780016	0.523780492	0.539323648	0.503233423	0.499293709	0.504663695	0.514271085	0.502092675	0.541854863
TAF15_26573619_Chip-Seq_HEK293_Human	0.467857551	0.465412417	0.4620576	0.43383128	0.517919556	0.522896304	0.499191482	0.442229746	0.43004732	0.427124092	0.474813576	0.486663947	0.511717386	0.525436893	0.43245166	0.416137717	0.424031166	0.439531696	0.451950722	0.44839765	0.438887982	0.40256017	0.416362079	0.417488782	0.408361752	0.50781431	0.446679448	0.427241576	0.498448234	0.462665416	0.505909276	0.546415926	0.539287754	0.440032634	0.444877213	0.461012483	0.462050257	0.470414457	0.45234723	0.433514726	0.439911071	0.452699682	0.461061434	0.510056294
NANOG_18700969_ChIP-ChIP_MESCs_Mouse	0.518374221	0.533380998	0.545629574	0.593102467	0.635962998	0.636364191	0.61781987	0.61030225	0.610836948	0.608076715	0.59451003	0.603290187	0.599863107	0.616066007	0.533986853	0.526274736	0.561186636	0.610432366	0.606142586	0.584872594	0.607573868	0.570081323	0.57169016	0.569633369	0.588894687	0.621314719	0.573862158	0.551314042	0.562516942	0.634275549	0.639516807	0.620567227	0.64490309	0.55261724	0.545821361	0.577210626	0.578677148	0.57718013	0.573085525	0.6461209	0.663675115	0.666477365	0.686124288	0.656873814
NANOG_18555785_ChIP-Seq_MESCs_Mouse	0.645223871	0.649080226	0.633465402	0.65643448	0.65053473	0.645735951	0.664261423	0.66787848	0.677160255	0.673058692	0.648536305	0.666100972	0.646189273	0.66643448	0.653254661	0.629446888	0.642924107	0.666067489	0.654379267	0.64703683	0.637632616	0.655463826	0.667126444	0.667700565	0.664024422	0.644916951	0.640717897	0.638375131	0.643661043	0.647433364	0.657651654	0.633838301	0.625024291	0.644294249	0.645718881	0.620041032	0.628754267	0.641112132	0.645369617	0.675521928	0.666705291	0.652284007	0.67257911	0.636996127
NANOG_21062744_ChIP-ChIP_HESCs_Human	0.631092635	0.653970737	0.643693327	0.646815225	0.67372437	0.670712407	0.684499654	0.669980227	0.672034602	0.671608304	0.66404785	0.673931191	0.657593673	0.672875729	0.649491053	0.643660306	0.654738112	0.679513396	0.669784281	0.651819871	0.641109046	0.65802432	0.663205932	0.660974197	0.65697736	0.662640237	0.654182897	0.65215996	0.652495897	0.666024518	0.661744142	0.654537617	0.644284726	0.662663569	0.66250262	0.65699219	0.638617103	0.649738013	0.661871873	0.672469006	0.659479585	0.664883243	0.66076698	0.654373109
NANOG_18358816_ChIP-ChIP_MESCs_Mouse	0.56617517	0.568334787	0.564949565	0.594298572	0.598690055	0.592234774	0.601661998	0.602785355	0.607131836	0.606118688	0.587985489	0.593236289	0.58682555	0.587287046	0.545023802	0.543306241	0.557424653	0.592459476	0.590573541	0.57780334	0.581999969	0.564714301	0.564803692	0.572525141	0.576903461	0.593937334	0.554939615	0.55814774	0.575831076	0.589807289	0.608147281	0.581845372	0.573943457	0.580810947	0.579988061	0.579577842	0.581937671	0.585481777	0.590283939	0.605097274	0.601678682	0.615092988	0.607717623	0.597606496
NANOG_16153702_ChIP-ChIP_HESCs_Human	0.54105184	0.545817493	0.541330217	0.570941413	0.596885312	0.593781868	0.59449426	0.587272577	0.586687655	0.58773701	0.577763522	0.564271511	0.571828855	0.559352349	0.519704817	0.521307847	0.5326628	0.579114333	0.577515209	0.577560066	0.566420523	0.557862351	0.562487868	0.564069357	0.563390815	0.583612617	0.553067937	0.556824121	0.582788614	0.584721742	0.598616759	0.586891348	0.583803764	0.557911587	0.559723044	0.556630844	0.549445733	0.571965203	0.555875607	0.599501953	0.59781844	0.618949106	0.625232217	0.574294473
NANOG_18347094_ChIP-ChIP_MESCs_Mouse	0.566983535	0.569063177	0.562403038	0.582648104	0.609742196	0.606969467	0.604825849	0.593686927	0.59498422	0.596501578	0.571905776	0.58716339	0.584959979	0.588111715	0.546019525	0.55154369	0.560409046	0.587095992	0.590882448	0.580606202	0.582354747	0.562039051	0.562563881	0.563482832	0.567701053	0.578670767	0.570175957	0.563897392	0.57578292	0.584932032	0.609191604	0.588301742	0.588805373	0.582588216	0.58159892	0.581160691	0.581085498	0.583406403	0.583750713	0.613959846	0.614371459	0.609074394	0.623908609	0.61072056
NANOG_18555785_Chip-Seq_ESCs_Mouse	0.5220022	0.518385833	0.522082968	0.509707171	0.545825643	0.552308261	0.542030211	0.511289031	0.511854239	0.510452132	0.534916912	0.552722414	0.56240123	0.547016377	0.471474111	0.477506831	0.497827155	0.522308776	0.52821261	0.534034473	0.509880909	0.49740166	0.501325119	0.506870822	0.510211029	0.552711244	0.502089842	0.499259507	0.521633242	0.536953481	0.559965802	0.59498926	0.597412143	0.535451015	0.537009675	0.542942379	0.533711742	0.542602121	0.52391521	0.538669038	0.544528535	0.562046193	0.551132478	0.583613789
NANOG_19829295_ChIP-Seq_ESCs_Human	0.492454319	0.493805101	0.496374674	0.479586076	0.514514574	0.512834248	0.505470857	0.491078908	0.493877774	0.494218331	0.494062058	0.501258076	0.507369895	0.495598599	0.481066767	0.485282844	0.492794356	0.487846953	0.492619871	0.493407394	0.503668427	0.486837162	0.486409709	0.486988405	0.489506725	0.511864349	0.48677082	0.487221861	0.492031983	0.505656529	0.505269922	0.522315911	0.526778625	0.502813088	0.500723955	0.509805916	0.505941671	0.508705934	0.495803956	0.503311566	0.50482738	0.511020371	0.512821674	0.52356332
NANOG_20526341_ChIP-Seq_ESCs_Human	0.492348321	0.487134712	0.491730012	0.487583544	0.483883246	0.488841621	0.48728555	0.493103448	0.494116786	0.493110653	0.48158818	0.480575626	0.482683593	0.487996272	0.49304103	0.487953825	0.502439324	0.489742887	0.489744297	0.479676788	0.48586293	0.497713863	0.500143319	0.498593984	0.49936454	0.48571131	0.490867512	0.490774159	0.484385646	0.486365331	0.485161998	0.48204594	0.48376209	0.486312154	0.483299553	0.483695521	0.489547174	0.483622217	0.488570332	0.496007503	0.497729839	0.497519638	0.493443029	0.488139513
NANOG_18692474_ChIP-Seq_MESCs_Mouse	0.564596369	0.562878458	0.558381067	0.57537466	0.591195948	0.591782223	0.595423904	0.591463238	0.595177071	0.594112563	0.57982544	0.579753657	0.577351777	0.576696597	0.548506933	0.554371892	0.558907931	0.583380577	0.583004202	0.581374856	0.582214947	0.556740941	0.561387106	0.558903153	0.562701264	0.579322035	0.568503871	0.564241738	0.583560649	0.585927555	0.59477442	0.581112894	0.578369613	0.579974092	0.579609415	0.575479273	0.574040045	0.57741027	0.572540853	0.60317282	0.60116171	0.604507252	0.607738504	0.598984002
NANOG_16518401_ChIP-PET_MESCs_Mouse	0.5635601	0.561963143	0.569829309	0.583788747	0.60025218	0.600984712	0.598857954	0.586453575	0.587086967	0.590675767	0.577201053	0.586520356	0.580697471	0.577580993	0.539455332	0.552500258	0.562899994	0.583857914	0.587151682	0.589722538	0.584284283	0.558577789	0.563283989	0.559813647	0.566303952	0.58996009	0.564194446	0.566093351	0.581992559	0.584330951	0.595906522	0.598366313	0.603988615	0.575785679	0.575658316	0.576607491	0.57361114	0.574598237	0.568954946	0.611200878	0.610464371	0.611937941	0.616383375	0.613048027
NANOG_18692474_ChIP-Seq_MEFs_Mouse	0.571803218	0.571593696	0.564665726	0.58411107	0.597154281	0.597925728	0.604267107	0.603846939	0.608859445	0.606507456	0.593254637	0.58059464	0.57780552	0.574004968	0.557673368	0.561727665	0.563923617	0.593658015	0.592969476	0.591399147	0.588681425	0.570757687	0.577834944	0.574001852	0.578626124	0.587739833	0.57774217	0.572999593	0.595554959	0.597702273	0.601702568	0.576529784	0.575849986	0.583304312	0.58323352	0.581439389	0.580868549	0.577549698	0.573937291	0.607118538	0.608294057	0.612522133	0.616056305	0.600940294
GATA2_26923725_Chip-Seq_HEMANGIOBLAST_Mouse	0.493865546	0.496708683	0.524288515	0.449739496	0.566731092	0.558983193	0.528008403	0.474887955	0.468151261	0.478061625	0.421781513	0.459014006	0.468484594	0.461078431	0.412848739	0.520112045	0.437358543	0.447039216	0.439414566	0.451871148	0.454826331	0.457420168	0.47407563	0.457697479	0.484151261	0.50492437	0.42587395	0.45727451	0.441747899	0.467829132	0.539204482	0.560420168	0.557848739	0.434308123	0.444383754	0.461495798	0.489957983	0.525394958	0.470918768	0.536907563	0.550672269	0.570179272	0.553229692	0.601095238
GATA2_21666600_ChIP-Seq_HMVEC_Human	0.574701161	0.572175904	0.584756633	0.63863351	0.57176329	0.578802993	0.56922623	0.614444576	0.614176423	0.62296903	0.609717213	0.554409876	0.563443254	0.569557879	0.575959069	0.585267916	0.595958125	0.626158059	0.633686857	0.610612784	0.622255689	0.589443631	0.601036965	0.595731753	0.605532764	0.618888915	0.616843546	0.619286422	0.630450382	0.636258616	0.614258805	0.58616278	0.594937683	0.592463648	0.592406997	0.602395194	0.582933859	0.565849542	0.601387027	0.58812978	0.584440091	0.607803088	0.62766193	0.615951751
GATA2_21571218_ChIP-Seq_MEGAKARYOCYTES_Human	0.554863716	0.550714214	0.548646958	0.549154187	0.556198452	0.550807184	0.551696672	0.546240973	0.542256512	0.55014169	0.52732678	0.540488779	0.546840596	0.551701861	0.528320769	0.540909235	0.538971994	0.557808063	0.559593237	0.565258947	0.54403001	0.57626418	0.576501867	0.576601467	0.576128976	0.543470459	0.546929674	0.551529037	0.552868386	0.542077201	0.568643931	0.546578117	0.562530954	0.543358173	0.54462329	0.546892198	0.546926215	0.539408161	0.566232613	0.566565	0.56589547	0.575454834	0.568310823	0.563962552
GATA2_20887958_ChIP-Seq_HPC-7_Mouse	0.555052547	0.554780511	0.550724509	0.552873295	0.540322436	0.54390603	0.543219039	0.555099879	0.553235499	0.556892494	0.534091783	0.532460386	0.532700014	0.54256783	0.548662516	0.561038766	0.558890593	0.560745364	0.558270053	0.558772619	0.564315259	0.573266577	0.573348463	0.570032714	0.571647345	0.543114151	0.551638144	0.550128708	0.54858523	0.546697745	0.562601055	0.543345805	0.544951645	0.537617105	0.538899487	0.541795375	0.534192275	0.528837024	0.55093265	0.559072359	0.559099143	0.561979493	0.568842851	0.557706762
GATA2_21186366_ChIP-Seq_BM-HSCs_Mouse	0.569795448	0.564531852	0.567284012	0.571690716	0.573991871	0.572136933	0.579704117	0.55729123	0.560964621	0.557498215	0.55799002	0.587845334	0.591774749	0.592501942	0.544891918	0.549632167	0.551040573	0.57672214	0.575931235	0.568379979	0.573222309	0.549334165	0.551485849	0.547620931	0.551168938	0.572127204	0.545285251	0.549469749	0.572718578	0.559046364	0.578644399	0.58757095	0.585810952	0.568809955	0.568684023	0.565441235	0.565247197	0.568266758	0.565499533	0.571558427	0.573040275	0.568553539	0.572506885	0.579833973
GATA2_22383799_ChIP-Seq_G1ME_Mouse	0.618824872	0.617234319	0.617054886	0.606222425	0.595274608	0.596468261	0.60851648	0.618461711	0.620170573	0.621415684	0.605363832	0.601367448	0.592512775	0.594701497	0.617113146	0.620334166	0.624550344	0.621108367	0.621364405	0.609880348	0.610789325	0.634315605	0.635998693	0.636588808	0.636175083	0.606917873	0.612528884	0.609251841	0.623084723	0.615479904	0.596732712	0.588762585	0.589084311	0.606411255	0.606645904	0.593196678	0.593529054	0.594692995	0.605207489	0.607193957	0.600060945	0.601815269	0.606902659	0.587933614
GATA2_19941826_ChIP-Seq_K562_Human	0.555019099	0.554479189	0.560082231	0.575129141	0.568207397	0.577562939	0.565913168	0.575484416	0.56920756	0.577609892	0.56119338	0.556017287	0.559922147	0.561534751	0.545407679	0.557926627	0.558567823	0.582257491	0.584854379	0.578742672	0.570787032	0.608104308	0.614171552	0.609311508	0.609171595	0.569933563	0.557177621	0.559749015	0.584758414	0.562972077	0.583633617	0.565920121	0.574757985	0.567350838	0.569605411	0.576009905	0.570257165	0.568521129	0.578799839	0.573804517	0.572948129	0.568872799	0.585057811	0.575769822
RUNX1_26923725_Chip-Seq_MACROPHAGESS_Mouse	0.599456783	0.590357143	0.580348139	0.601383553	0.514072629	0.519273709	0.505456182	0.543958583	0.540213085	0.549027611	0.544522809	0.472370948	0.50719988	0.483868547	0.536794718	0.586611645	0.513514406	0.519936975	0.51460084	0.553451381	0.58652461	0.554156663	0.53902461	0.568961585	0.524630852	0.571641657	0.494087635	0.498448379	0.554063625	0.568583433	0.557752101	0.552731092	0.514471789	0.525834334	0.527734094	0.500417167	0.522962185	0.520303121	0.52492497	0.573118247	0.530528211	0.539243697	0.559162665	0.561632653
RUNX1_26923725_Chip-Seq_HPCs_Mouse	0.574563255	0.569489126	0.563193903	0.590242092	0.564717768	0.565096858	0.568285756	0.562083116	0.560981504	0.563812999	0.55795546	0.564821403	0.563338824	0.570741289	0.548646079	0.54959276	0.557952541	0.575684467	0.573405134	0.573847822	0.572642784	0.544788039	0.53762433	0.544104927	0.547125758	0.567674375	0.557403299	0.560138457	0.583279188	0.571126634	0.602359197	0.578737411	0.584564297	0.564998019	0.568279709	0.566418041	0.553353421	0.569358801	0.56431303	0.575592718	0.563609066	0.574768021	0.58265321	0.58244615
RUNX1_17652178_ChIP-ChIP_JURKAT_Human	0.586703511	0.583368144	0.591994491	0.566112661	0.580486767	0.582538443	0.583913839	0.563579448	0.56270529	0.564904808	0.568254472	0.577180167	0.581119112	0.572610098	0.5700265	0.581869138	0.57740106	0.569416821	0.575213222	0.563999965	0.563810105	0.57593762	0.581488371	0.586963981	0.583455839	0.582395655	0.568441368	0.559562049	0.585419122	0.574063775	0.585725792	0.597868998	0.596495868	0.570698246	0.567398096	0.566547648	0.55801719	0.562054814	0.565239897	0.580523554	0.576545033	0.584171868	0.588700617	0.579642247
RUNX1_20887958_ChIP-Seq_HPC-7_Mouse	0.578582477	0.57964488	0.581934485	0.570523187	0.556568005	0.54859197	0.559729225	0.583606754	0.587273576	0.588915811	0.547726891	0.552680517	0.547934485	0.549748522	0.579625272	0.598521475	0.60921413	0.576726268	0.570883131	0.563050576	0.564950202	0.615985372	0.614144258	0.612375195	0.614725335	0.541432929	0.564145347	0.576972923	0.564731871	0.564151416	0.569383287	0.539768129	0.5398061	0.549457516	0.54691052	0.551613757	0.537708217	0.531352474	0.553611111	0.563133364	0.56810442	0.560754902	0.575883598	0.563161531
RUNX1_22412390_ChIP-Seq_EML_Mouse	0.617072585	0.622995733	0.618881262	0.620594098	0.609195981	0.603230734	0.615835939	0.631396896	0.62501653	0.628027734	0.612133656	0.606267181	0.594692447	0.611893281	0.628962853	0.634453944	0.637532408	0.633079197	0.633658556	0.622332258	0.620187284	0.650444271	0.652078366	0.64839188	0.652020797	0.612770341	0.629070093	0.630361866	0.624830141	0.619771269	0.611876669	0.580932594	0.581747606	0.606411309	0.605758908	0.599925168	0.590821119	0.594653198	0.612809508	0.619993079	0.615082649	0.611031773	0.613887695	0.601338512
RUNX1_22897851_ChIP-Seq_JUKARTE6-1_Human	0.54301874	0.539124157	0.538775003	0.537619048	0.526992465	0.525950132	0.529062611	0.539163767	0.53948988	0.540047106	0.528380795	0.527662287	0.527240699	0.534296919	0.529718152	0.536070067	0.535175524	0.534687892	0.532846254	0.539085336	0.543447272	0.533295065	0.533530595	0.533833274	0.535954077	0.52861025	0.527030023	0.525431491	0.536719533	0.533840376	0.523614708	0.515635144	0.521787036	0.533476388	0.532220381	0.526758275	0.529963467	0.523782775	0.529493273	0.530501519	0.533116503	0.531270446	0.530956247	0.52203243
RUNX1_27457419_Chip-Seq_LIVER_Mouse	0.536300899	0.535817138	0.537221862	0.55668781	0.552957561	0.564997891	0.566696733	0.54153337	0.541577496	0.540522696	0.563566075	0.56264787	0.568854839	0.559409494	0.514888388	0.515905876	0.53273093	0.546064696	0.55237176	0.564043185	0.550908634	0.542801175	0.542823562	0.543182246	0.550880244	0.555575582	0.557664742	0.552160378	0.553479121	0.551718958	0.569767366	0.571038578	0.571274456	0.55472243	0.55281253	0.557353103	0.546235197	0.549916615	0.549243373	0.570499497	0.570792155	0.58084861	0.583474417	0.569084066
RUNX1_27514584_Chip-Seq_MCF-7_Human	0.54313632	0.546427737	0.539409489	0.590806965	0.568980903	0.572692413	0.572297273	0.594121667	0.595095941	0.599451658	0.56579976	0.561956133	0.565456345	0.562872311	0.540438522	0.545479705	0.548811546	0.595758729	0.598867518	0.627419228	0.580325896	0.549579225	0.548942906	0.544690031	0.549147226	0.562151958	0.554690107	0.557034099	0.581535585	0.576087204	0.583744046	0.551283333	0.558768544	0.574388329	0.572699163	0.579557307	0.574777478	0.563475033	0.588847723	0.581680824	0.577541865	0.583684737	0.576266723	0.565578527
RUNX1_21571218_ChIP-Seq_MEGAKARYOCYTES_Human	0.609330054	0.613127738	0.610738984	0.606208255	0.613203421	0.611292318	0.619259604	0.614348313	0.613871192	0.615945952	0.607504131	0.617230743	0.609737461	0.609190302	0.612475816	0.616480115	0.619449753	0.622390842	0.62029841	0.61613022	0.605942217	0.636143892	0.635801436	0.63561461	0.638453699	0.610364832	0.611932126	0.612796632	0.615678208	0.609739255	0.616427689	0.606287614	0.602604248	0.610276623	0.609311912	0.603413652	0.59703733	0.597919742	0.612260351	0.615452747	0.611188202	0.612403485	0.609475363	0.610546454
TAL1_26923725_Chip-Seq_MACROPHAGESS_Mouse	0.5035439	0.5279745	0.515383947	0.462920892	0.493042596	0.498820632	0.481072153	0.488023761	0.488200522	0.500553463	0.462463054	0.527299334	0.540020284	0.530715735	0.417849899	0.516247465	0.461054767	0.455891046	0.49230368	0.47739206	0.446134454	0.471179368	0.45773399	0.472271805	0.478629383	0.541396697	0.432106636	0.435360765	0.496870472	0.499165459	0.548527963	0.608133874	0.60206317	0.484143726	0.500689655	0.570197044	0.521831353	0.562529702	0.54282237	0.532845552	0.471295277	0.531095335	0.518133874	0.554016227
TAL1_26923725_Chip-Seq_HEMANGIOBLAST_Mouse	0.530128145	0.531726223	0.529122359	0.531096756	0.550649624	0.553132412	0.548609649	0.526732637	0.526974005	0.530355899	0.525540459	0.553811749	0.555200921	0.553844734	0.487493521	0.507771277	0.501605278	0.528737794	0.532204377	0.537073614	0.534650122	0.513573523	0.519735072	0.512968533	0.523113694	0.555449226	0.516917589	0.524055865	0.546660253	0.54067685	0.568678107	0.593013691	0.596082358	0.531421896	0.532436059	0.544026807	0.535486007	0.548387131	0.534015157	0.555191628	0.557118249	0.570002356	0.577569832	0.602557004
TAL1_20566737_ChIP-Seq_PRIMARY_FETAL_LIVER_ERYTHROID_Mouse	0.624589136	0.628282197	0.626654714	0.628702959	0.616187644	0.616570001	0.624815746	0.629563433	0.628987518	0.633028609	0.619140801	0.615847006	0.599441759	0.607057974	0.621870151	0.636159349	0.641773033	0.640428495	0.637339049	0.63514058	0.627968749	0.648488924	0.651845596	0.641089378	0.648631671	0.619958026	0.626169971	0.620611941	0.634679542	0.622543015	0.627432174	0.60534085	0.611784249	0.615784045	0.616033936	0.607153223	0.600246748	0.59863422	0.617553169	0.623904717	0.619621806	0.622231946	0.635397354	0.626008616
TAL1_22897851_ChIP-Seq_JUKARTE6-1_Human	0.524522529	0.526119085	0.526788627	0.520837444	0.523921321	0.519355164	0.524143179	0.523834643	0.528398238	0.525473257	0.523347215	0.518717351	0.519058196	0.518583988	0.51313428	0.528004925	0.52444023	0.518545235	0.514874445	0.521030713	0.528540112	0.523538005	0.523079993	0.522711551	0.526111566	0.530438842	0.520769936	0.512617354	0.522874908	0.520496435	0.524709849	0.521727523	0.524440313	0.525071928	0.525221404	0.519921916	0.521738182	0.519007131	0.521380647	0.514891467	0.515128364	0.520430579	0.520551218	0.522689406
TAL1_21186366_ChIP-Seq_BM-HSCs_Mouse	0.555548858	0.550792657	0.551570926	0.559418406	0.572526713	0.571059573	0.575639192	0.545331324	0.548664572	0.546090436	0.557831643	0.578377479	0.585604369	0.586513158	0.52207964	0.523936809	0.53166739	0.564324623	0.566051016	0.559726359	0.561518565	0.532333189	0.533193192	0.530428171	0.533171481	0.574433092	0.527766085	0.527567708	0.568902795	0.555658178	0.573760994	0.590868688	0.589607503	0.563150877	0.562982129	0.560448009	0.56238572	0.564781232	0.556655939	0.560711859	0.561282556	0.563305407	0.564510059	0.580862983
TAL1_26923725_Chip-Seq_HPCs_Mouse	0.531391839	0.538443547	0.530779535	0.519694319	0.540125998	0.545197945	0.53761692	0.526679783	0.524357922	0.527548479	0.529299894	0.546032839	0.556064757	0.541650219	0.49879046	0.503588434	0.522892933	0.524435363	0.52759735	0.545477568	0.532848038	0.512692424	0.513253765	0.509892943	0.515340373	0.549293929	0.510196741	0.51040761	0.531288655	0.534928472	0.559247883	0.572655797	0.573333508	0.522238559	0.523076802	0.535504463	0.524071811	0.537468422	0.529105246	0.524538966	0.522222338	0.545240223	0.54278347	0.558673148
TAL1_20887958_ChIP-Seq_HPC-7_Mouse	0.680975968	0.690241728	0.682765198	0.667082205	0.665467986	0.653854559	0.685131237	0.681750905	0.681448349	0.679227612	0.668104058	0.677588165	0.655837523	0.65136247	0.691487905	0.699798882	0.696351922	0.677936166	0.669388295	0.663436588	0.659083717	0.717304683	0.717030695	0.717208519	0.715476513	0.654313491	0.664137161	0.671058595	0.653610896	0.664073257	0.667516877	0.640912151	0.624099979	0.665929292	0.667144	0.646816568	0.642831915	0.643577054	0.653660648	0.667764143	0.662482244	0.662266007	0.669678457	0.628411712
FOXP1_22492998_ChIP-Seq_STRATIUM_Mouse	0.697695078	0.65517407	0.690720288	0.587947179	0.635162065	0.654201681	0.626686675	0.554861945	0.544897959	0.568379352	0.68240096	0.702292917	0.711716687	0.631356543	0.629663866	0.640864346	0.591320528	0.550468187	0.553793517	0.556614646	0.682256903	0.612653061	0.593229292	0.54785114	0.56879952	0.638535414	0.565078031	0.596938776	0.593877551	0.619051621	0.628907563	0.686458583	0.658667467	0.606578631	0.613157263	0.607334934	0.490984394	0.594117647	0.591176471	0.493613445	0.521236495	0.51270108	0.559963986	0.571320528
FOXP1_21924763_ChIP-Seq_HESCs_Human	0.590665033	0.592523663	0.589668702	0.60755368	0.609657211	0.602501482	0.617130348	0.608938471	0.608204022	0.612975248	0.598561683	0.613303419	0.60968641	0.611377737	0.606304848	0.604717846	0.601578821	0.619368712	0.615442513	0.607973884	0.5997127	0.606804614	0.605553927	0.606614002	0.606001295	0.593171314	0.607665895	0.615333062	0.597300597	0.604675702	0.599481981	0.587623823	0.581580057	0.598457469	0.597211219	0.595210375	0.594252188	0.589942766	0.607741019	0.616456552	0.613191205	0.607974284	0.605206957	0.59105342